12th_Street 116479.7168396070628660 13832 14836
16th_Street 97261.4212843190325657 13127 12993
19th_Street 118136.4712668552383548 12633 14991
24th_Street 83442.8097092647221871 13121 11608
Ashby 38965.2443987598453532 5727 6630
Bay_Fair 52548.7360888481562142 6015 8261
Berkeley 71111.8256030848569935 13196 10320
Balboa_Park 74439.4964003291679546 11410 10673
Civic_Center 114606.0282352123904275 22710 14660
Coliseum 39493.2086079784057802 8527 6696
Colma 42864.5588117014267482 4487 7112
Concord 44487.5148511692241300 6346 7309
Castro_Valley 38650.8590609227612731 2885 6591
Daly_City 56076.3159512512065703 9445 8666
Dublin_Pleasanton 25100.0878667069082439 7797 4798
Embarcadero 265060.3816329224500805 46411 27161
El_Cerrito_del_Norte 31584.3658831534703495 8976 5681
El_Cerrito_Plaza 44981.5252307535047294 4947 7368
Fremont 44736.1704160139343003 8942 7339
Fruitvale 56409.4502563822679804 8697 8703
Glen_Park 68194.5684510750579648 7470 10007
Hayward 39590.2343142691897810 5350 6708
Lafayette 18760.6577648258207773 3880 3873
Lake_Merritt 104942.9587486552190967 7284 13740
MacArthur 51218.1693800947614363 9373 8107
Millbrae 30031.8614771699831181 6504 5474
Montgomery 317005.5874356860877015 44281 30982
North_Berkeley 37424.7324124321385170 4983 6436
North_Concord 17926.4145459396604565 2670 3745
Oakland_Airport 4482.9607978399044441 1583 1351
Orinda 15248.8827614370802621 3022 3325
West_Oakland 14906.0713579753974045 7052 3270
Pleasant_Hill 54123.9995670865901047 6963 8443
Powell 145730.6100154645100702 28673 17493
Richmond 41250.0021795350039611 4435 6914
Rockridge 44016.7304913046536967 6161 7252
San_Bruno 37217.7993744041013997 3876 6410
South_Hayward 33816.4857975560662453 3157 5974
San_Leandro 61774.1606671899498906 6090 9305
SF_Airport 14415.3295558151403384 7105 3190
South_SF 42380.7465189438735251 3491 7053
Union_City 31025.9013521815722925 5001 5607
Walnut_Creek 52663.1343481923395302 6875 8274
West_Dublin/Pleasanton 38649.2258843989548041 3635 6590
Pittsburg_Bay_Pt 19236.0107083464718016 6171 3945
eb_Antioch 30046.2646205673918303 0 5476
eb_Railroad_Ave 28154.8396296366736351 0 5220
li_Isabel 13239.4186568310124130 0 2997
sj_Alum_Rock 18858.9333207150557428 0 3888
sj_Beryessa 20254.9692051051169983 0 4097
sj_Diridon 24682.2355258440729813 0 4739
sj_Milpitas 18962.2749118907158845 0 3903
sj_Santa_Clara 20317.6486837166703481 0 4107
sj_San_Jose 43843.8915286007031682 0 7231
sj_Warm_Springs 19374.3840738365397556 0 3966
